0 0.216927 0.408796 0.113021 0.091667
0 0.334896 0.402315 0.106250 0.086111
0 0.319531 0.509722 0.102604 0.073148
0 0.209896 0.631481 0.110417 0.079630
0 0.331771 0.626852 0.102083 0.077778
0 0.219010 0.734259 0.107813 0.081481
0 0.341927 0.736111 0.102604 0.090741
0 0.630990 0.739352 0.111979 0.099074
0 0.623177 0.627315 0.113021 0.097222
0 0.756771 0.617593 0.110417 0.101852
0 0.635938 0.518056 0.111458 0.093519
0 0.757031 0.512037 0.103646 0.081481
0 0.651563 0.405556 0.105208 0.087037
0 0.760156 0.403704 0.109896 0.094444
1 0.220052 0.132407 0.119271 0.107407
1 0.340365 0.130556 0.119271 0.103704
1 0.219010 0.296759 0.118229 0.108333
1 0.341146 0.295370 0.121875 0.105556
1 0.630990 0.128241 0.122396 0.108333
1 0.753906 0.125926 0.119271 0.111111
1 0.629427 0.293981 0.123438 0.104630
1 0.753385 0.295833 0.121354 0.110185
2 0.217708 0.518056 0.123958 0.102778
2 0.753646 0.732870 0.119792 0.1009266
